===============================================================================================
WSETEffCorrPTEpert:     3
WSETEffCorrPTEpertBase_0: 0. 0. 0. 0. 0.
WSETEffCorrPTEpertA_0:    0.533506  -5.30646  6.24118  0  0
WSETEffCorrPTEpertB_0:    -0.417  7.42147  -27.6207  0  0
WSETEffCorrPTEpertC_0:    -0.701164  11.0421  -36.0337  0  0
WSETEffCorrPTEpertD_0:    1.02138  -25.8467  175.748  -351.286  0
WSETEffCorrPTEpertE_0:    6.32435  -130.927  756.012  -1410.33  0
WSETEffCorrPTEpertF_0:    -0.486232  23.9776  -294.136  913.264  0
WSETEffCorrPTEpertG_0:    -13.7761  568.858  -6993.96  24292.1  0
WSETEffCorrPTEpertH_0:    104.006  -2436.02  -6964.11  242725  0
WSETEffCorrPTEpertNorm_0:  0.453364  0.449455  0.447938  0.445031  0.426953  0.46336  0.47975  0.376656
WSETEffCorrPTEpertBase_1: 0. 0. 0. 0. 0.
WSETEffCorrPTEpertA_1:    1.02477  -13.0037  26.9867  0  0
WSETEffCorrPTEpertB_1:    0.224246  -1.14714  -6.85609  0  0
WSETEffCorrPTEpertC_1:    -1.11777  18.0486  -62.3861  0  0
WSETEffCorrPTEpertD_1:    -1.47748  33.2214  -196.74  311.561  0
WSETEffCorrPTEpertE_1:    -3.89954  145.244  -1501.76  4406.76  0
WSETEffCorrPTEpertF_1:    -2.21469  -0.383974  462.447  -1981.32  0
WSETEffCorrPTEpertG_1:    -76.2133  3004.36  -39593.2  188998  0
WSETEffCorrPTEpertH_1:    -7.53476  480.07  3.36654  -67714.7  0
WSETEffCorrPTEpertNorm_1:  0.444561  0.442263  0.45362  0.451361  0.430005  0.4444  0.384873  0.501132
WSETEffCorrPTEpertBase_2: 0. 0. 0. 0. 0.
WSETEffCorrPTEpertA_2:    0.695575  -6.16114  5.78923  0  0
WSETEffCorrPTEpertB_2:    0.348706  -2.76614  -3.73486  0  0
WSETEffCorrPTEpertC_2:    0.698623  -11.2998  32.8701  0  0
WSETEffCorrPTEpertD_2:    -2.96294  74.3343  -513.367  985.439  0
WSETEffCorrPTEpertE_2:    1.70525  -39.2296  266.181  -625.079  0
WSETEffCorrPTEpertF_2:    12.8863  -310.575  2010.17  -4029.33  0
WSETEffCorrPTEpertG_2:    18.5397  -612.895  8037.92  -40433.9  0
WSETEffCorrPTEpertH_2:    -36.7665  1820.14  1457.27  -223068  0
WSETEffCorrPTEpertNorm_2:  0.430646  0.447309  0.448004  0.451143  0.470967  0.471023  0.483003  -0.199935
WSETEffCorrPTEpertBase_3: 0. 0. 0. 0. 0.
WSETEffCorrPTEpertA_3:    0.783296  -4.86588  -6.18073  0  0
WSETEffCorrPTEpertB_3:    0.626777  -7.58217  11.6777  0  0
WSETEffCorrPTEpertC_3:    -0.0873721  1.30454  -10.2034  0  0
WSETEffCorrPTEpertD_3:    0.491064  -12.0243  79.0522  -190.736  0
WSETEffCorrPTEpertE_3:    -5.54537  145.565  -1084.83  2341.67  0
WSETEffCorrPTEpertF_3:    -8.78696  270.627  -2214.24  4953.63  0
WSETEffCorrPTEpertG_3:    7.17339  -1274.76  28872.6  -155903  0
WSETEffCorrPTEpertH_3:    -66.2024  2237.54  3998.59  -253742  0
WSETEffCorrPTEpertNorm_3:  0.443828  0.438715  0.45152  0.452476  0.465466  0.509818  1  0.363599
WSETEffCorrPTEpertBase_4: 0. 0. 0. 0. 0.
WSETEffCorrPTEpertA_4:    -0.108259  3.55496  -22.0649  0  0
WSETEffCorrPTEpertB_4:    0.661302  -4.98861  -1.50948  0  0
WSETEffCorrPTEpertC_4:    0.384727  -4.17368  -0.369656  0  0
WSETEffCorrPTEpertD_4:    -1.60501  44.1617  -334.501  707.77  0
WSETEffCorrPTEpertE_4:    -2.5277  102.068  -1039.29  2756.66  0
WSETEffCorrPTEpertF_4:    11.0837  -357.184  3273.98  -8887.58  0
WSETEffCorrPTEpertG_4:    -33.4007  1856.31  -28674.6  129951  0
WSETEffCorrPTEpertH_4:    54.7324  -86.6956  -9672.75  -246482  0
WSETEffCorrPTEpertNorm_4:  0.418488  0.441265  0.452162  0.456095  0.473294  0.452058  0.573324  -0.0878368
===============================================================================================
